1.000000000021827873e-02 -1.800000000002910383e-02 2.000000000180079951e-03
-1.000000000203726813e-03 1.399999999921419658e-02 5.200000000013460522e-02
-1.200000000000045475e-02 -2.199999999902502168e-02 2.500000000009094947e-02
1.399999999921419658e-02 -7.999999999810825102e-03 3.000000000156433089e-03
3.000000000611180440e-03 -3.999999999905412551e-03 -5.999999999858118827e-03
3.999999999905412551e-03 -7.000000000061845640e-03 -3.999999999905412551e-03
-5.000000000109139364e-03 -5.000000000109139364e-03 9.999999999763531378e-04
-7.999999999810825102e-03 0.000000000000000000e+00 2.999999999929059413e-03
-6.000000000085492502e-03 1.099999999860301614e-02 7.000000000061845640e-03
1.099999999996725819e-02 1.499999999941792339e-02 1.400000000012369128e-02
1.699999999982537702e-02 -1.100000000042200554e-02 2.999999999929059413e-03
1.999999999998181011e-02 -1.900000000023283064e-02 4.399999999986903276e-02
-2.000000000180079951e-03 -1.000000000021827873e-02 0.000000000000000000e+00
-2.000000000020918378e-02 6.000000001222360879e-03 2.400000000011459633e-02
