# Length (m) -- Pitch (º) (> 0º = Up) -- Horizontal length (m) -- Heading (º) (0º = North; 90º = East)
2.068816086572543983e-02 5.547656274251123065e+00 2.059126028210544676e-02 9.106369782239397637e+01
5.386093203791041117e-02 7.489487295869085415e+01 1.403566884684890638e-02 8.835789620840137104e+01
3.539774004031414484e-02 4.493140961689956470e+01 2.505992817142762424e-02 9.207014304849367647e+01
1.640121946612230555e-02 1.053949331175013526e+01 1.612451549582097354e-02 9.051914611426052204e+01
7.810249675983976271e-03 -5.019442890542828906e+01 5.000000000291038131e-03 9.092729521789247826e+01
8.999999999964024625e-03 -2.638779996068442557e+01 8.062257748305318508e-03 9.105165021256236457e+01
7.141428428692364605e-03 8.049466975167145932e+00 7.071067812019821500e-03 9.235619449019235105e+01
8.544003745115493278e-03 2.055604521958346709e+01 7.999999999810825102e-03 8.685840734641021754e+01
1.435270009340256815e-02 2.919038144287960890e+01 1.252996408495619940e-02 8.792985695146558101e+01
2.328089345332950977e-02 3.696675253377171089e+01 1.860107523724952375e-02 8.906195250822435128e+01
2.046948949053007880e-02 8.427602072716995352e+00 2.024845673139923433e-02 9.057430483019687983e+01
5.193264869036235548e-02 5.791394385677110535e+01 2.758622844841461877e-02 9.075976275488234535e+01
1.019803902743492661e-02 0.000000000000000000e+00 1.019803902743492661e-02 9.176819188665788829e+01
3.181194744162224586e-02 4.897589799948710265e+01 2.088061301837270539e-02 8.714986414094124711e+01
